mat m1:
    1564178577.56897    -1624825203.66053      983113110.09643      -29909858.42089    -1023408414.66264 
    1004423651.78189     -919819089.71214    -1310889260.79342     -559320022.37742    -1869340530.85539 
     531587074.60137     1361798350.11460     1601261565.03020     -960693497.94194    -2027210828.98882 
     -79161134.05338    -1714529366.19673    -1961582278.97587     -970167153.45496      225385858.28600 
    1888524980.78108    -2015109867.95065    -1432455983.45936     2027084300.43536       22301594.32334 
--------------------------
m2 copy from m1,change m2 doesn't affect m1:
m2:
             0.00000              0.00000              0.00000              0.00000              0.00000 
             0.00000              0.00000              0.00000              0.00000              0.00000 
             0.00000              0.00000              0.00000              0.00000              0.00000 
             0.00000              0.00000              0.00000              0.00000              0.00000 
             0.00000              0.00000              0.00000              0.00000              0.00000 
m1:
    1564178577.56897    -1624825203.66053      983113110.09643      -29909858.42089    -1023408414.66264 
    1004423651.78189     -919819089.71214    -1310889260.79342     -559320022.37742    -1869340530.85539 
     531587074.60137     1361798350.11460     1601261565.03020     -960693497.94194    -2027210828.98882 
     -79161134.05338    -1714529366.19673    -1961582278.97587     -970167153.45496      225385858.28600 
    1888524980.78108    -2015109867.95065    -1432455983.45936     2027084300.43536       22301594.32334 
--------------------------
m1=m1-114514.1919810
    1564178577.56897    -1624825203.66053      983113110.09643      -29909858.42089    -1023408414.66264 
    1004423651.78189     -919819089.71214    -1310889260.79342     -559320022.37742    -1869340530.85539 
     531587074.60137     1361798350.11460     1601261565.03020     -960693497.94194    -2027210828.98882 
     -79161134.05338    -1714529366.19673    -1961582278.97587     -970167153.45496      225385858.28600 
    1888524980.78108    -2015109867.95065    -1432455983.45936     2027084300.43536       22301594.32334 
--------------------------
m2=m2+51.4
            51.40000              0.00000              0.00000              0.00000              0.00000 
             0.00000             51.40000              0.00000              0.00000              0.00000 
             0.00000              0.00000             51.40000              0.00000              0.00000 
             0.00000              0.00000              0.00000             51.40000              0.00000 
             0.00000              0.00000              0.00000              0.00000             51.40000 
--------------------------
m3=m1-m2
    1564064011.97699    -1624825203.66053      983113110.09643      -29909858.42089    -1023408414.66264 
    1004423651.78189     -919933655.30413    -1310889260.79342     -559320022.37742    -1869340530.85539 
     531587074.60137     1361798350.11460     1601146999.43822     -960693497.94194    -2027210828.98882 
     -79161134.05338    -1714529366.19673    -1961582278.97587     -970281719.04694      225385858.28600 
    1888524980.78108    -2015109867.95065    -1432455983.45936     2027084300.43536       22187028.73136 
--------------------------
m4=m3's transpose
    1564064011.97699     1004423651.78189      531587074.60137      -79161134.05338     1888524980.78108 
   -1624825203.66053     -919933655.30413     1361798350.11460    -1714529366.19673    -2015109867.95065 
     983113110.09643    -1310889260.79342     1601146999.43822    -1961582278.97587    -1432455983.45936 
     -29909858.42089     -559320022.37742     -960693497.94194     -970281719.04694     2027084300.43536 
   -1023408414.66264    -1869340530.85539    -2027210828.98882      225385858.28600       22187028.73136 
--------------------------
m1's max element is     2027084300.43536
m2's min element is              0.00000
--------------------------
Generate method's time cost: 1124.331392 s
--------------------------
Coppersmith-Winograd method's time cost: 166.279985 s

